star 30 red
planet 5 green
#End of the header

0
0.0 0.0 1.7815312276587837e-08 0.0
149600000000.0 10000.0 -0.0059312405244645264 10000.0

1.0
1.7815312276587837e-08 0.0 3.563062455317556e-08 1.1908631200927618e-15
149599999999.99408 20000.0 -0.011862481048929013 9999.999999999603

2.0
5.3445936829763395e-08 1.1908631200927618e-15 5.344593682976433e-08 3.57258936027852e-15
149599999999.9822 29999.999999999603 -0.017793721573393848 9999.99999999881

3.0
1.0689187365952772e-07 4.763452480371282e-15 7.126124910635532e-08 7.145178720557842e-15
149599999999.96442 39999.999999998414 -0.023724962097859424 9999.99999999762

4.0
1.7815312276588305e-07 1.1908631200929124e-14 8.907656138294972e-08 1.190863120093162e-14
149599999999.9407 49999.999999996035 -0.029656202622326135 9999.999999996035

5.0
2.6722968414883275e-07 2.3817262401860743e-14 1.068918736595487e-07 1.786294680140108e-14
149599999999.91104 59999.99999999207 -0.035587443146794365 9999.999999994052

6.0
3.7412155780838146e-07 4.1680209203261825e-14 1.2470718593615343e-07 2.500812552196778e-14
149599999999.87546 69999.99999998612 -0.04151868367126452 9999.999999991673

7.0
4.988287437445349e-07 6.66883347252296e-14 1.4252249821276508e-07 3.33441673626336e-14
149599999999.83395 79999.9999999778 -0.04744992419573697 9999.999999988897

8.0
6.413512419573001e-07 1.000325020878632e-13 1.6033781048938484e-07 4.287107232340075e-14
149599999999.7865 89999.99999996669 -0.05338116472021212 9999.999999985725

9.0
8.016890524466849e-07 1.4290357441126394e-13 1.7815312276601386e-07 5.358884040427178e-14
149599999999.73312 99999.99999995242 -0.05931240524469036 9999.999999982156

10.0
9.798421752126988e-07 1.9649241481553572e-13 1.959684350426533e-07 6.549747160524956e-14
149599999999.6738 109999.99999993457 -0.06524364576917208 9999.99999997819

11.0
1.175810610255352e-06 2.619898864207853e-13 2.137837473193044e-07 7.859696592633731e-14
149599999999.60855 119999.99999991276 -0.07117488629365766 9999.999999973828

12.0
1.3895943575746563e-06 3.405868523471226e-13 2.315990595959683e-07 9.288732336753854e-14
149599999999.53738 129999.99999988658 -0.0771061268181475 9999.99999996907

13.0
1.6211934171706246e-06 4.3347417571466113e-13 2.4941437187264615e-07 1.0836854392885712e-13
149599999999.46027 139999.99999985565 -0.083037367342642 9999.999999963915

14.0
1.8706077890432708e-06 5.418427196435182e-13 2.672296841493391e-07 1.2504062761029726e-13
149599999999.37723 149999.99999981956 -0.08896860786714153 9999.999999958365

15.0
2.1378374731926098e-06 6.668833472538155e-13 2.850449964260484e-07 1.4290357441186347e-13
149599999999.28827 159999.9999997779 -0.0948998483916465 9999.999999952419

16.0
2.422882469618658e-06 8.097869216656789e-13 3.028603087027752e-07 1.619573843335606e-13
149599999999.19336 169999.99999973032 -0.10083108891615729 9999.999999946076

17.0
2.7257427783214333e-06 9.717443059992396e-13 3.2067562097952063e-07 1.8220205737539384e-13
149599999999.09253 179999.9999996764 -0.10676232944067429 9999.999999939337

18.0
3.046418399300954e-06 1.1539463633746335e-12 3.384909332562859e-07 2.036375935373687e-13
149599999998.98578 189999.99999961574 -0.11269356996519789 9999.9999999322

19.0
3.3849093325572396e-06 1.3575839569120022e-12 3.563062455330722e-07 2.26263992819491e-13
149599999998.87308 199999.99999954793 -0.11862481048972848 9999.999999924668

20.0
3.7412155780903118e-06 1.5838479497314932e-12 3.741215578098807e-07 2.5008125522176694e-13
149599999998.75446 209999.9999994726 -0.12455605101426646 9999.99999991674

21.0
4.115337135900193e-06 1.83392920495326e-12 3.9193687008671254e-07 2.75089380744203e-13
149599999998.6299 219999.99999938934 -0.13048729153881222 9999.999999908414

22.0
4.507274005986905e-06 2.109018585697463e-12 4.0975218236356893e-07 3.0128836938680607e-13
149599999998.49942 229999.99999929775 -0.13641853206336615 9999.999999899692

23.0
4.917026188350474e-06 2.410306955084269e-12 4.27567494640451e-07 3.2867822114958325e-13
149599999998.363 239999.99999919743 -0.14234977258792864 9999.999999890573

24.0
9.192701134754984e-06 5.697089166580102e-12 6.057206174095406e-07 6.144853699791713e-13
149599999996.9395 339999.9999981031 -0.20166217783364299 9999.99999979542

34.0
1.5249907308850388e-05 1.1841942866371816e-11 7.838737401813279e-07 1.0193788308301668e-12
149599999994.92288 439999.99999605736 -0.2609745830802555 9999.999999660618

44.0
9.363728132698318e-05 1.137798259493885e-10 2.5654049679379174e-06 6.259176559656896e-12
149599999968.8254 1439999.9999621192 -0.8540986355592715 9999.999997916137

144.0
0.0003501777781207749 7.396974819150781e-10 4.346936196091599e-06 2.3407605496878903e-11
149599999883.41556 2439999.9997537327 -1.4472226881704922 9999.999992206922

244.0
0.004697113974212374 2.4147302978793983e-08 2.2162248493337854e-05 3.1397820733357427e-10
149599998436.19287 12439999.991960654 -7.378463219513158 9999.999895467437

1244.0
0.02685936246755023 3.3812551031236827e-07 3.997756095759975e-05 1.7954119588635053e-09
149599991057.72964 22439999.88742809 -13.309703806461647 9999.999402254645

2244.0
0.06683692342514998 2.1335374691758735e-06 5.7792874762731264e-05 4.467709175963219e-09
149599977748.02585 32439999.289682735 -19.24094483982641 9999.998512568442

3244.0
0.12462979818788124 6.601246645139093e-06 7.560819108258675e-05 8.330870504337357e-09
149599958507.081 42439997.802251175 -25.172186710418025 9999.99722640861

4244.0
0.200237989270468 1.493211714947645e-05 9.342351109102134e-05 1.3384896919519082e-08
149599933334.8943 52439995.02865978 -31.10342980904734 9999.995543774827

5244.0
1.1344731001806814 0.00014878108634466727 0.0002715767597997218 7.583382499303565e-08
149599622300.5962 152439950.46640804 -90.41587698449662 9999.974752693135

15244.0
3.8502406981779 0.0009071193362750237 0.00044973050467388316 2.57370032281264e-07
149598718141.82635 252439697.9933394 -149.72848934940822 9999.91431395972

25244.0
8.347545744916731 0.0034808196590876634 0.0006278859195838756 5.57997602459476e-07
149597220856.93286 352438841.1329366 -209.0416577196939 9999.814226215005

35244.0
14.626404940755489 0.009060795683682423 0.0008060441784485922 9.777239177997524e-07
149595130440.35565 452436983.39508665 -268.35577292742016 9999.674487001212

45244.0
22.68684672524141 0.018838034861679946 0.0009842064552778335 1.516559659661201e-06
149592446882.62637 552433728.2650988 -327.67122583491937 9999.495092762201

55244.0
121.10749225302476 0.17049400082780006 0.002765881144646492 8.096151155289767e-06
149559679760.04288 1552383237.541319 -920.8430416772219 9997.304553569078

155244.0
397.69560671767397 0.9801091163567768 0.004548085056967479 2.6594876786041577e-05
149467595455.87515 2552113692.8982267 -1514.1910527924833 9991.145784642657

255244.0
852.5041124144218 3.6395967949609345 0.006331993807408752 5.705457572855538e-05
149316176350.59592 3551228271.3624926 -2108.106655991994 9981.004856468815

355244.0
1485.703493155297 9.345054367816473 0.008118787994651 9.955040047875944e-05
149105365684.9967 4549328757.009374 -2702.9829072499156 9966.856748550957

455244.0
2297.5822926203973 19.300094415692417 0.009909657488088716 0.00015419131909065914
148835067394.2717 5546014431.86447 -3299.215949038471 9948.665182199768

555244.0
3288.548041429269 34.71922632475833 0.011705805789066683 0.00022112087200116076
148505145799.36786 6540880950.084446 -3897.206462311745 9926.382368563769

655244.0
14994.353830495951 255.8400983259191 0.029732292945870736 0.0010150940895038828
144607939337.05612 16467263318.648214 -9898.754249179068 9662.045319453679

1655244.0
44726.64677636669 1270.9341878298019 0.04843390861733245 0.003144745188233842
134709185087.87706 26129308638.10189 -16125.07372207896 8953.021551219888

2655244.0
93160.55539369913 4415.679376063645 0.06922142784438381 0.007176865635502749
118584111365.7981 35082330189.32178 -23045.854002603643 7610.609017521447

3655244.0
162381.98323808296 11592.545011566393 0.09422179323960674 0.014573064352072557
95538257363.19446 42692939206.84322 -31369.21862275269 5148.1937252034

4655244.0
256603.77647768968 26165.60936363895 0.1274647246691137 0.02942827017846182
64169038740.44177 47841132932.04662 -42436.78479294 202.448196450232

5655244.0
384068.5011468034 55593.87954210077 0.1773599432327919 0.06662770577559966
21732253947.50177 48043581128.49686 -59048.40958466173 -12182.384093338813

6655244.0
561428.4443795952 122221.58531770043 0.2364589293276334 0.19728022961852648
-37316155637.15996 35861197035.15804 -78724.18643649455 -55680.71611757608

7655244.0
797887.3737072286 319501.81493622693 0.12913182005207738 0.30042074673552643
-116040342073.65451 -19819519082.418037 -42991.68416053152 -90018.96635109987

8655244.0
927019.193759306 619922.5616717534 0.10077220818155627 0.29557692212492714
-159032026234.18604 -109838485433.51791 -33549.96900497841 -88406.29778679149

9655244.0
1027791.4019408623 915499.4837966806 0.09199004920845047 0.28951135857368054
-192581995239.16446 -198244783220.3094 -30626.139967292256 -86386.89602218544

10655244.0
1119781.4511493128 1205010.842370361 0.08835321535290142 0.28576758792621965
-223208135206.45673 -284631679242.4948 -29415.334190512986 -85140.48671081928

11655244.0
1208134.6665022143 1490778.4302965808 0.08647274395259312 0.28336964076916893
-252623469396.96973 -369772165953.3141 -28789.271252560076 -84342.1407455708

12655244.0
1294607.4104548073 1774148.0710657497 0.08535126119410917 0.2817280957521969
-281412740649.5298 -454114306698.8849 -28415.89729433308 -83795.62282913069

13655244.0
1379958.6716489166 2055876.1668179466 0.08461541582049897 0.28054066664309746
-309828637943.86285 -537909929528.01556 -28170.913081613922 -83400.29320129291

14655244.0
1464574.0874694155 2336416.833461044 0.0840989907573404 0.27964407426990945
-337999551025.4768 -621310222729.3085 -27998.98020568867 -83101.79153173996

15655244.0
1548673.0782267558 2616060.9077309533 0.08371813304423864 0.27894398264450987
-365998531231.16547 -704412014261.0485 -27872.181612977794 -82868.71065223377

16655244.0
1632391.2112709945 2895004.8903754633 0.0834264134088574 0.27838253036513194
-393870712844.14325 -787280724913.2822 -27775.059664111082 -82681.7868319776

17655244.0
1715817.6246798518 3173387.420740595 0.08319621579587577 0.2779224046105898
-421645772508.25433 -869962511745.2598 -27698.42017855789 -82528.59755403023

18655244.0
1799013.8404757276 3451309.8253511847 0.08301015763198688 0.27753851943991137
-449344192686.81226 -952491109299.29 -27636.475995853365 -82400.79098237687

19655244.0
1882023.9981077143 3728848.344791096 0.08285678511466596 0.2772134103008664
-476980668682.66565 -1034891900281.6669 -27585.41381396254 -82292.55266137481

20655244.0
1964880.7832223803 4006061.7550919624 0.08272826074198907 0.2769345545831406
-504566082496.6282 -1117184452943.0417 -27542.624301585445 -82199.71345072544

21655244.0
2047609.0439643695 4282996.309675103 0.08261904923773149 0.27669274412213085
-532108706798.2136 -1199384166393.767 -27506.264604833534 -82119.20768504242

22655244.0
2130228.093202101 4559689.053797234 0.0825251348591163 0.27648105920501587
-559614971403.0471 -1281503374078.8096 -27474.997766434597 -82048.73159084086

23655244.0
2212753.2280612173 4836170.11300225 0.08244353622308405 0.2762942005490613
-587089969169.4817 -1363552105669.6504 -27447.831197403502 -81986.52088280099

24655244.0
2295196.7642843015 5112464.313551311 0.0823719950671321 0.27612804190680845
-614537800366.8853 -1445538626552.4514 -27424.013056537373 -81931.20181308781

25655244.0
2377568.7593514337 5388592.35545812 0.08230877055767499 0.2759793228981418
-641961813423.4226 -1527469828365.5393 -27402.963769722264 -81881.68890624931

26655244.0
2459877.5299091088 5664571.678356262 0.08225249976197371 0.27584543342723633
-669364777193.1449 -1609351517271.7886 -27384.229577000984 -81837.11318536912

27655244.0
2542130.0296710823 5940417.111783498 0.08220210079693367 0.2757242593812827
-696749006770.1459 -1691188630457.1577 -27367.4502880031 -81796.77080069642

28655244.0
2624332.130468016 6216141.371164781 0.08215670421066736 0.27561407023229406
-724116457058.1489 -1772985401257.8542 -27352.336436878453 -81760.08560902515

29655244.0
2706488.8346786834 6491755.441397075 0.0821156034676154 0.27551343585492055
-751468793495.0273 -1854745486866.8794 -27338.652797357994 -81726.5814799287

30655244.0
2788604.4381462988 6767268.877251995 0.08207821862442388 0.27542116407630823
-778807446292.3854 -1936472068346.808 -27326.20628939926 -81695.86150429359

31655244.0
2870682.6567707225 7042690.0413283035 0.08204406928182259 0.27533625317473753
-806133652581.7847 -2018167929851.1016 -27314.836974081343 -81667.59217973526

32655244.0
2952726.726052545 7318026.294503041 0.0820127541685583 0.2752578553152827
-833448489555.866 -2099835522030.837 -27304.4112565032 -81641.49123726595

33655244.0
3034739.4802211034 7593284.149818324 0.08198393553915577 0.2751852480948243
-860752900812.3691 -2181477013268.1028 -27294.816691344888 -81617.3181678014

34655244.0
3116723.415760259 7868469.397913148 0.08195732711433226 0.2751178121739557
-888047717503.714 -2263094331435.9043 -27285.957967880913 -81594.8667751716

35655244.0
3198680.7428745916 8143587.210087104 0.08193268466182216 0.27505501352962447
-915333675471.5948 -2344689198211.0757 -27277.753774062792 -81573.95926750849

